seasonId,scoringPeriodId,matchupId,proTeam,opponent,isHome,date
2025,1,401772510,Dal,Phi,FALSE,2025-09-05T00:20:00Z
2025,1,401772510,Phi,Dal,TRUE,2025-09-05T00:20:00Z
2025,1,401772714,KC,LAC,FALSE,2025-09-06T00:00:00Z
2025,1,401772714,LAC,KC,TRUE,2025-09-06T00:00:00Z
2025,1,401772718,NO,Ari,TRUE,2025-09-07T17:00:00Z
2025,1,401772718,Ari,NO,FALSE,2025-09-07T17:00:00Z
2025,1,401772719,Ind,Mia,TRUE,2025-09-07T17:00:00Z
2025,1,401772719,Mia,Ind,FALSE,2025-09-07T17:00:00Z
2025,1,401772720,LV,NE,FALSE,2025-09-07T17:00:00Z
2025,1,401772720,NE,LV,TRUE,2025-09-07T17:00:00Z
2025,1,401772721,NYJ,Pit,TRUE,2025-09-07T17:00:00Z
2025,1,401772721,Pit,NYJ,FALSE,2025-09-07T17:00:00Z
2025,1,401772827,NYG,Wsh,FALSE,2025-09-07T17:00:00Z
2025,1,401772827,Wsh,NYG,TRUE,2025-09-07T17:00:00Z
2025,1,401772828,Car,Jax,FALSE,2025-09-07T17:00:00Z
2025,1,401772828,Jax,Car,TRUE,2025-09-07T17:00:00Z
2025,1,401772829,Cin,Cle,FALSE,2025-09-07T17:00:00Z
2025,1,401772829,Cle,Cin,TRUE,2025-09-07T17:00:00Z
2025,1,401772830,Atl,TB,TRUE,2025-09-07T17:00:00Z
2025,1,401772830,TB,Atl,FALSE,2025-09-07T17:00:00Z
2025,1,401772831,SF,Sea,FALSE,2025-09-07T20:05:00Z
2025,1,401772831,Sea,SF,TRUE,2025-09-07T20:05:00Z
2025,1,401772832,Den,Ten,TRUE,2025-09-07T20:05:00Z
2025,1,401772832,Ten,Den,FALSE,2025-09-07T20:05:00Z
2025,1,401772722,Det,GB,FALSE,2025-09-07T20:25:00Z
2025,1,401772722,GB,Det,TRUE,2025-09-07T20:25:00Z
2025,1,401772723,LAR,Hou,TRUE,2025-09-07T20:25:00Z
2025,1,401772723,Hou,LAR,FALSE,2025-09-07T20:25:00Z
2025,1,401772918,Buf,Bal,TRUE,2025-09-08T00:20:00Z
2025,1,401772918,Bal,Buf,FALSE,2025-09-08T00:20:00Z
2025,1,401772810,Chi,Min,TRUE,2025-09-09T00:15:00Z
2025,1,401772810,Min,Chi,FALSE,2025-09-09T00:15:00Z
2025,2,401772936,GB,Wsh,TRUE,2025-09-12T00:15:00Z
2025,2,401772936,Wsh,GB,FALSE,2025-09-12T00:15:00Z
2025,2,401772724,Ten,LAR,TRUE,2025-09-14T17:00:00Z
2025,2,401772724,LAR,Ten,FALSE,2025-09-14T17:00:00Z
2025,2,401772725,Cin,Jax,TRUE,2025-09-14T17:00:00Z
2025,2,401772725,Jax,Cin,FALSE,2025-09-14T17:00:00Z
2025,2,401772726,Cle,Bal,FALSE,2025-09-14T17:00:00Z
2025,2,401772726,Bal,Cle,TRUE,2025-09-14T17:00:00Z
2025,2,401772727,Buf,NYJ,FALSE,2025-09-14T17:00:00Z
2025,2,401772727,NYJ,Buf,TRUE,2025-09-14T17:00:00Z
2025,2,401772728,Mia,NE,TRUE,2025-09-14T17:00:00Z
2025,2,401772728,NE,Mia,FALSE,2025-09-14T17:00:00Z
2025,2,401772833,NO,SF,TRUE,2025-09-14T17:00:00Z
2025,2,401772833,SF,NO,FALSE,2025-09-14T17:00:00Z
2025,2,401772834,Dal,NYG,TRUE,2025-09-14T17:00:00Z
2025,2,401772834,NYG,Dal,FALSE,2025-09-14T17:00:00Z
2025,2,401772835,Chi,Det,FALSE,2025-09-14T17:00:00Z
2025,2,401772835,Det,Chi,TRUE,2025-09-14T17:00:00Z
2025,2,401772836,Pit,Sea,TRUE,2025-09-14T17:00:00Z
2025,2,401772836,Sea,Pit,FALSE,2025-09-14T17:00:00Z
2025,2,401772729,Den,Ind,FALSE,2025-09-14T20:05:00Z
2025,2,401772729,Ind,Den,TRUE,2025-09-14T20:05:00Z
2025,2,401772730,Ari,Car,TRUE,2025-09-14T20:05:00Z
2025,2,401772730,Car,Ari,FALSE,2025-09-14T20:05:00Z
2025,2,401772837,KC,Phi,TRUE,2025-09-14T20:25:00Z
2025,2,401772837,Phi,KC,FALSE,2025-09-14T20:25:00Z
2025,2,401772919,Atl,Min,FALSE,2025-09-15T00:20:00Z
2025,2,401772919,Min,Atl,TRUE,2025-09-15T00:20:00Z
2025,2,401772715,TB,Hou,FALSE,2025-09-15T23:00:00Z
2025,2,401772715,Hou,TB,TRUE,2025-09-15T23:00:00Z
2025,2,401772811,LV,LAC,TRUE,2025-09-16T02:00:00Z
2025,2,401772811,LAC,LV,FALSE,2025-09-16T02:00:00Z
2025,3,401772937,Buf,Mia,TRUE,2025-09-19T00:15:00Z
2025,3,401772937,Mia,Buf,FALSE,2025-09-19T00:15:00Z
2025,3,401772731,Cin,Min,FALSE,2025-09-21T17:00:00Z
2025,3,401772731,Min,Cin,TRUE,2025-09-21T17:00:00Z
2025,3,401772732,NE,Pit,TRUE,2025-09-21T17:00:00Z
2025,3,401772732,Pit,NE,FALSE,2025-09-21T17:00:00Z
2025,3,401772733,Ten,Ind,TRUE,2025-09-21T17:00:00Z
2025,3,401772733,Ind,Ten,FALSE,2025-09-21T17:00:00Z
2025,3,401772734,Jax,Hou,TRUE,2025-09-21T17:00:00Z
2025,3,401772734,Hou,Jax,FALSE,2025-09-21T17:00:00Z
2025,3,401772838,Atl,Car,FALSE,2025-09-21T17:00:00Z
2025,3,401772838,Car,Atl,TRUE,2025-09-21T17:00:00Z
2025,3,401772839,LAR,Phi,FALSE,2025-09-21T17:00:00Z
2025,3,401772839,Phi,LAR,TRUE,2025-09-21T17:00:00Z
2025,3,401772840,NYJ,TB,FALSE,2025-09-21T17:00:00Z
2025,3,401772840,TB,NYJ,TRUE,2025-09-21T17:00:00Z
2025,3,401772841,LV,Wsh,FALSE,2025-09-21T17:00:00Z
2025,3,401772841,Wsh,LV,TRUE,2025-09-21T17:00:00Z
2025,3,401772842,Cle,GB,TRUE,2025-09-21T17:00:00Z
2025,3,401772842,GB,Cle,FALSE,2025-09-21T17:00:00Z
2025,3,401772735,Den,LAC,FALSE,2025-09-21T20:05:00Z
2025,3,401772735,LAC,Den,TRUE,2025-09-21T20:05:00Z
2025,3,401772736,NO,Sea,FALSE,2025-09-21T20:05:00Z
2025,3,401772736,Sea,NO,TRUE,2025-09-21T20:05:00Z
2025,3,401772843,Ari,SF,FALSE,2025-09-21T20:25:00Z
2025,3,401772843,SF,Ari,TRUE,2025-09-21T20:25:00Z
2025,3,401772844,Chi,Dal,TRUE,2025-09-21T20:25:00Z
2025,3,401772844,Dal,Chi,FALSE,2025-09-21T20:25:00Z
2025,3,401772920,KC,NYG,FALSE,2025-09-22T00:20:00Z
2025,3,401772920,NYG,KC,TRUE,2025-09-22T00:20:00Z
2025,3,401772812,Det,Bal,FALSE,2025-09-23T00:15:00Z
2025,3,401772812,Bal,Det,TRUE,2025-09-23T00:15:00Z
2025,4,401772938,Ari,Sea,TRUE,2025-09-26T00:15:00Z
2025,4,401772938,Sea,Ari,FALSE,2025-09-26T00:15:00Z
2025,4,401772632,Min,Pit,FALSE,2025-09-28T13:30:00Z
2025,4,401772632,Pit,Min,TRUE,2025-09-28T13:30:00Z
2025,4,401772737,NYG,LAC,TRUE,2025-09-28T17:00:00Z
2025,4,401772737,LAC,NYG,FALSE,2025-09-28T17:00:00Z
2025,4,401772738,Ten,Hou,FALSE,2025-09-28T17:00:00Z
2025,4,401772738,Hou,Ten,TRUE,2025-09-28T17:00:00Z
2025,4,401772739,Atl,Wsh,TRUE,2025-09-28T17:00:00Z
2025,4,401772739,Wsh,Atl,FALSE,2025-09-28T17:00:00Z
2025,4,401772740,Buf,NO,TRUE,2025-09-28T17:00:00Z
2025,4,401772740,NO,Buf,FALSE,2025-09-28T17:00:00Z
2025,4,401772845,Phi,TB,FALSE,2025-09-28T17:00:00Z
2025,4,401772845,TB,Phi,TRUE,2025-09-28T17:00:00Z
2025,4,401772846,Cle,Det,FALSE,2025-09-28T17:00:00Z
2025,4,401772846,Det,Cle,TRUE,2025-09-28T17:00:00Z
2025,4,401772847,NE,Car,TRUE,2025-09-28T17:00:00Z
2025,4,401772847,Car,NE,FALSE,2025-09-28T17:00:00Z
2025,4,401772848,SF,Jax,TRUE,2025-09-28T20:05:00Z
2025,4,401772848,Jax,SF,FALSE,2025-09-28T20:05:00Z
2025,4,401772849,Ind,LAR,FALSE,2025-09-28T20:05:00Z
2025,4,401772849,LAR,Ind,TRUE,2025-09-28T20:05:00Z
2025,4,401772741,KC,Bal,TRUE,2025-09-28T20:25:00Z
2025,4,401772741,Bal,KC,FALSE,2025-09-28T20:25:00Z
2025,4,401772742,Chi,LV,FALSE,2025-09-28T20:25:00Z
2025,4,401772742,LV,Chi,TRUE,2025-09-28T20:25:00Z
2025,4,401772921,Dal,GB,TRUE,2025-09-29T00:20:00Z
2025,4,401772921,GB,Dal,FALSE,2025-09-29T00:20:00Z
2025,4,401772813,Mia,NYJ,TRUE,2025-09-29T23:15:00Z
2025,4,401772813,NYJ,Mia,FALSE,2025-09-29T23:15:00Z
2025,4,401772716,Cin,Den,FALSE,2025-09-30T00:15:00Z
2025,4,401772716,Den,Cin,TRUE,2025-09-30T00:15:00Z
2025,5,401772939,LAR,SF,TRUE,2025-10-03T00:15:00Z
2025,5,401772939,SF,LAR,FALSE,2025-10-03T00:15:00Z
2025,5,401772633,Cle,Min,TRUE,2025-10-05T13:30:00Z
2025,5,401772633,Min,Cle,FALSE,2025-10-05T13:30:00Z
2025,5,401772743,Bal,Hou,TRUE,2025-10-05T17:00:00Z
2025,5,401772743,Hou,Bal,FALSE,2025-10-05T17:00:00Z
2025,5,401772744,NO,NYG,TRUE,2025-10-05T17:00:00Z
2025,5,401772744,NYG,NO,FALSE,2025-10-05T17:00:00Z
2025,5,401772745,Den,Phi,FALSE,2025-10-05T17:00:00Z
2025,5,401772745,Phi,Den,TRUE,2025-10-05T17:00:00Z
2025,5,401772850,Dal,NYJ,FALSE,2025-10-05T17:00:00Z
2025,5,401772850,NYJ,Dal,TRUE,2025-10-05T17:00:00Z
2025,5,401772851,Ind,LV,TRUE,2025-10-05T17:00:00Z
2025,5,401772851,LV,Ind,FALSE,2025-10-05T17:00:00Z
2025,5,401772852,Mia,Car,FALSE,2025-10-05T17:00:00Z
2025,5,401772852,Car,Mia,TRUE,2025-10-05T17:00:00Z
2025,5,401772746,Sea,TB,TRUE,2025-10-05T20:05:00Z
2025,5,401772746,TB,Sea,FALSE,2025-10-05T20:05:00Z
2025,5,401772747,Ten,Ari,FALSE,2025-10-05T20:05:00Z
2025,5,401772747,Ari,Ten,TRUE,2025-10-05T20:05:00Z
2025,5,401772853,LAC,Wsh,TRUE,2025-10-05T20:25:00Z
2025,5,401772853,Wsh,LAC,FALSE,2025-10-05T20:25:00Z
2025,5,401772854,Cin,Det,TRUE,2025-10-05T20:25:00Z
2025,5,401772854,Det,Cin,FALSE,2025-10-05T20:25:00Z
2025,5,401772922,Buf,NE,TRUE,2025-10-06T00:20:00Z
2025,5,401772922,NE,Buf,FALSE,2025-10-06T00:20:00Z
2025,5,401772814,KC,Jax,FALSE,2025-10-07T00:15:00Z
2025,5,401772814,Jax,KC,TRUE,2025-10-07T00:15:00Z
2025,6,401772940,NYG,Phi,TRUE,2025-10-10T00:15:00Z
2025,6,401772940,Phi,NYG,FALSE,2025-10-10T00:15:00Z
2025,6,401772634,Den,NYJ,FALSE,2025-10-12T13:30:00Z
2025,6,401772634,NYJ,Den,TRUE,2025-10-12T13:30:00Z
2025,6,401772748,Cle,Pit,FALSE,2025-10-12T17:00:00Z
2025,6,401772748,Pit,Cle,TRUE,2025-10-12T17:00:00Z
2025,6,401772749,SF,TB,FALSE,2025-10-12T17:00:00Z
2025,6,401772749,TB,SF,TRUE,2025-10-12T17:00:00Z
2025,6,401772750,Mia,LAC,TRUE,2025-10-12T17:00:00Z
2025,6,401772750,LAC,Mia,FALSE,2025-10-12T17:00:00Z
2025,6,401772855,LAR,Bal,FALSE,2025-10-12T17:00:00Z
2025,6,401772855,Bal,LAR,TRUE,2025-10-12T17:00:00Z
2025,6,401772856,Ind,Ari,TRUE,2025-10-12T17:00:00Z
2025,6,401772856,Ari,Ind,FALSE,2025-10-12T17:00:00Z
2025,6,401772857,Sea,Jax,FALSE,2025-10-12T17:00:00Z
2025,6,401772857,Jax,Sea,TRUE,2025-10-12T17:00:00Z
2025,6,401772858,Dal,Car,FALSE,2025-10-12T17:00:00Z
2025,6,401772858,Car,Dal,TRUE,2025-10-12T17:00:00Z
2025,6,401772859,Ten,LV,FALSE,2025-10-12T20:05:00Z
2025,6,401772859,LV,Ten,TRUE,2025-10-12T20:05:00Z
2025,6,401772751,NE,NO,FALSE,2025-10-12T20:25:00Z
2025,6,401772751,NO,NE,TRUE,2025-10-12T20:25:00Z
2025,6,401772752,Cin,GB,FALSE,2025-10-12T20:25:00Z
2025,6,401772752,GB,Cin,TRUE,2025-10-12T20:25:00Z
2025,6,401772923,Det,KC,FALSE,2025-10-13T00:20:00Z
2025,6,401772923,KC,Det,TRUE,2025-10-13T00:20:00Z
2025,6,401772815,Atl,Buf,TRUE,2025-10-13T23:15:00Z
2025,6,401772815,Buf,Atl,FALSE,2025-10-13T23:15:00Z
2025,6,401772717,Chi,Wsh,FALSE,2025-10-14T00:15:00Z
2025,6,401772717,Wsh,Chi,TRUE,2025-10-14T00:15:00Z
2025,7,401772941,Cin,Pit,TRUE,2025-10-17T00:15:00Z
2025,7,401772941,Pit,Cin,FALSE,2025-10-17T00:15:00Z
2025,7,401772635,LAR,Jax,FALSE,2025-10-19T13:30:00Z
2025,7,401772635,Jax,LAR,TRUE,2025-10-19T13:30:00Z
2025,7,401772753,KC,LV,TRUE,2025-10-19T17:00:00Z
2025,7,401772753,LV,KC,FALSE,2025-10-19T17:00:00Z
2025,7,401772754,Cle,Mia,TRUE,2025-10-19T17:00:00Z
2025,7,401772754,Mia,Cle,FALSE,2025-10-19T17:00:00Z
2025,7,401772755,Ten,NE,TRUE,2025-10-19T17:00:00Z
2025,7,401772755,NE,Ten,FALSE,2025-10-19T17:00:00Z
2025,7,401772860,NYJ,Car,TRUE,2025-10-19T17:00:00Z
2025,7,401772860,Car,NYJ,FALSE,2025-10-19T17:00:00Z
2025,7,401772861,Chi,NO,TRUE,2025-10-19T17:00:00Z
2025,7,401772861,NO,Chi,FALSE,2025-10-19T17:00:00Z
2025,7,401772862,Min,Phi,TRUE,2025-10-19T17:00:00Z
2025,7,401772862,Phi,Min,FALSE,2025-10-19T17:00:00Z
2025,7,401772756,Ind,LAC,FALSE,2025-10-19T20:05:00Z
2025,7,401772756,LAC,Ind,TRUE,2025-10-19T20:05:00Z
2025,7,401772757,Den,NYG,TRUE,2025-10-19T20:05:00Z
2025,7,401772757,NYG,Den,FALSE,2025-10-19T20:05:00Z
2025,7,401772863,GB,Ari,FALSE,2025-10-19T20:25:00Z
2025,7,401772863,Ari,GB,TRUE,2025-10-19T20:25:00Z
2025,7,401772864,Dal,Wsh,TRUE,2025-10-19T20:25:00Z
2025,7,401772864,Wsh,Dal,FALSE,2025-10-19T20:25:00Z
2025,7,401772924,Atl,SF,FALSE,2025-10-20T00:20:00Z
2025,7,401772924,SF,Atl,TRUE,2025-10-20T00:20:00Z
2025,7,401772816,Det,TB,TRUE,2025-10-20T23:00:00Z
2025,7,401772816,TB,Det,FALSE,2025-10-20T23:00:00Z
2025,7,401772826,Sea,Hou,TRUE,2025-10-21T02:00:00Z
2025,7,401772826,Hou,Sea,FALSE,2025-10-21T02:00:00Z
2025,8,401772942,Min,LAC,FALSE,2025-10-24T00:15:00Z
2025,8,401772942,LAC,Min,TRUE,2025-10-24T00:15:00Z
2025,8,401772758,Cin,NYJ,TRUE,2025-10-26T17:00:00Z
2025,8,401772758,NYJ,Cin,FALSE,2025-10-26T17:00:00Z
2025,8,401772759,Chi,Bal,FALSE,2025-10-26T17:00:00Z
2025,8,401772759,Bal,Chi,TRUE,2025-10-26T17:00:00Z
2025,8,401772760,Atl,Mia,TRUE,2025-10-26T17:00:00Z
2025,8,401772760,Mia,Atl,FALSE,2025-10-26T17:00:00Z
2025,8,401772865,Buf,Car,FALSE,2025-10-26T17:00:00Z
2025,8,401772865,Car,Buf,TRUE,2025-10-26T17:00:00Z
2025,8,401772866,SF,Hou,FALSE,2025-10-26T17:00:00Z
2025,8,401772866,Hou,SF,TRUE,2025-10-26T17:00:00Z
2025,8,401772867,NYG,Phi,FALSE,2025-10-26T17:00:00Z
2025,8,401772867,Phi,NYG,TRUE,2025-10-26T17:00:00Z
2025,8,401772868,Cle,NE,FALSE,2025-10-26T17:00:00Z
2025,8,401772868,NE,Cle,TRUE,2025-10-26T17:00:00Z
2025,8,401772869,NO,TB,TRUE,2025-10-26T20:05:00Z
2025,8,401772869,TB,NO,FALSE,2025-10-26T20:05:00Z
2025,8,401772761,Ten,Ind,FALSE,2025-10-26T20:25:00Z
2025,8,401772761,Ind,Ten,TRUE,2025-10-26T20:25:00Z
2025,8,401772762,Dal,Den,FALSE,2025-10-26T20:25:00Z
2025,8,401772762,Den,Dal,TRUE,2025-10-26T20:25:00Z
2025,8,401772925,GB,Pit,FALSE,2025-10-27T00:20:00Z
2025,8,401772925,Pit,GB,TRUE,2025-10-27T00:20:00Z
2025,8,401772817,KC,Wsh,TRUE,2025-10-28T00:15:00Z
2025,8,401772817,Wsh,KC,FALSE,2025-10-28T00:15:00Z
2025,9,401772943,Mia,Bal,TRUE,2025-10-31T00:15:00Z
2025,9,401772943,Bal,Mia,FALSE,2025-10-31T00:15:00Z
2025,9,401772763,Atl,NE,FALSE,2025-11-02T18:00:00Z
2025,9,401772763,NE,Atl,TRUE,2025-11-02T18:00:00Z
2025,9,401772764,Ten,LAC,TRUE,2025-11-02T18:00:00Z
2025,9,401772764,LAC,Ten,FALSE,2025-11-02T18:00:00Z
2025,9,401772765,Chi,Cin,FALSE,2025-11-02T18:00:00Z
2025,9,401772765,Cin,Chi,TRUE,2025-11-02T18:00:00Z
2025,9,401772766,Ind,Pit,FALSE,2025-11-02T18:00:00Z
2025,9,401772766,Pit,Ind,TRUE,2025-11-02T18:00:00Z
2025,9,401772767,NYG,SF,TRUE,2025-11-02T18:00:00Z
2025,9,401772767,SF,NYG,FALSE,2025-11-02T18:00:00Z
2025,9,401772870,Den,Hou,FALSE,2025-11-02T18:00:00Z
2025,9,401772870,Hou,Den,TRUE,2025-11-02T18:00:00Z
2025,9,401772871,Det,Min,TRUE,2025-11-02T18:00:00Z
2025,9,401772871,Min,Det,FALSE,2025-11-02T18:00:00Z
2025,9,401772872,GB,Car,TRUE,2025-11-02T18:00:00Z
2025,9,401772872,Car,GB,FALSE,2025-11-02T18:00:00Z
2025,9,401772873,LV,Jax,TRUE,2025-11-02T21:05:00Z
2025,9,401772873,Jax,LV,FALSE,2025-11-02T21:05:00Z
2025,9,401772874,LAR,NO,TRUE,2025-11-02T21:05:00Z
2025,9,401772874,NO,LAR,FALSE,2025-11-02T21:05:00Z
2025,9,401772768,Buf,KC,TRUE,2025-11-02T21:25:00Z
2025,9,401772768,KC,Buf,FALSE,2025-11-02T21:25:00Z
2025,9,401772926,Sea,Wsh,FALSE,2025-11-03T01:20:00Z
2025,9,401772926,Wsh,Sea,TRUE,2025-11-03T01:20:00Z
2025,9,401772818,Dal,Ari,TRUE,2025-11-04T01:15:00Z
2025,9,401772818,Ari,Dal,FALSE,2025-11-04T01:15:00Z
2025,10,401772944,Den,LV,TRUE,2025-11-07T01:15:00Z
2025,10,401772944,LV,Den,FALSE,2025-11-07T01:15:00Z
2025,10,401772636,Atl,Ind,FALSE,2025-11-09T14:30:00Z
2025,10,401772636,Ind,Atl,TRUE,2025-11-09T14:30:00Z
2025,10,401772769,Cle,NYJ,FALSE,2025-11-09T18:00:00Z
2025,10,401772769,NYJ,Cle,TRUE,2025-11-09T18:00:00Z
2025,10,401772770,Jax,Hou,FALSE,2025-11-09T18:00:00Z
2025,10,401772770,Hou,Jax,TRUE,2025-11-09T18:00:00Z
2025,10,401772771,Buf,Mia,FALSE,2025-11-09T18:00:00Z
2025,10,401772771,Mia,Buf,TRUE,2025-11-09T18:00:00Z
2025,10,401772772,NE,TB,FALSE,2025-11-09T18:00:00Z
2025,10,401772772,TB,NE,TRUE,2025-11-09T18:00:00Z
2025,10,401772875,Chi,NYG,TRUE,2025-11-09T18:00:00Z
2025,10,401772875,NYG,Chi,FALSE,2025-11-09T18:00:00Z
2025,10,401772876,Min,Bal,TRUE,2025-11-09T18:00:00Z
2025,10,401772876,Bal,Min,FALSE,2025-11-09T18:00:00Z
2025,10,401772877,NO,Car,FALSE,2025-11-09T18:00:00Z
2025,10,401772877,Car,NO,TRUE,2025-11-09T18:00:00Z
2025,10,401772773,Ari,Sea,FALSE,2025-11-09T21:05:00Z
2025,10,401772773,Sea,Ari,TRUE,2025-11-09T21:05:00Z
2025,10,401772878,Det,Wsh,FALSE,2025-11-09T21:25:00Z
2025,10,401772878,Wsh,Det,TRUE,2025-11-09T21:25:00Z
2025,10,401772879,LAR,SF,FALSE,2025-11-09T21:25:00Z
2025,10,401772879,SF,LAR,TRUE,2025-11-09T21:25:00Z
2025,10,401772927,Pit,LAC,FALSE,2025-11-10T01:20:00Z
2025,10,401772927,LAC,Pit,TRUE,2025-11-10T01:20:00Z
2025,10,401772630,GB,Phi,TRUE,2025-11-11T01:15:00Z
2025,10,401772630,Phi,GB,FALSE,2025-11-11T01:15:00Z
2025,11,401772945,NE,NYJ,TRUE,2025-11-14T01:15:00Z
2025,11,401772945,NYJ,NE,FALSE,2025-11-14T01:15:00Z
2025,11,401772631,Mia,Wsh,TRUE,2025-11-16T14:30:00Z
2025,11,401772631,Wsh,Mia,FALSE,2025-11-16T14:30:00Z
2025,11,401772774,Cin,Pit,FALSE,2025-11-16T18:00:00Z
2025,11,401772774,Pit,Cin,TRUE,2025-11-16T18:00:00Z
2025,11,401772775,LAC,Jax,FALSE,2025-11-16T18:00:00Z
2025,11,401772775,Jax,LAC,TRUE,2025-11-16T18:00:00Z
2025,11,401772776,Buf,TB,TRUE,2025-11-16T18:00:00Z
2025,11,401772776,TB,Buf,FALSE,2025-11-16T18:00:00Z
2025,11,401772880,Chi,Min,FALSE,2025-11-16T18:00:00Z
2025,11,401772880,Min,Chi,TRUE,2025-11-16T18:00:00Z
2025,11,401772881,Ten,Hou,TRUE,2025-11-16T18:00:00Z
2025,11,401772881,Hou,Ten,FALSE,2025-11-16T18:00:00Z
2025,11,401772882,Atl,Car,TRUE,2025-11-16T18:00:00Z
2025,11,401772882,Car,Atl,FALSE,2025-11-16T18:00:00Z
2025,11,401772883,GB,NYG,FALSE,2025-11-16T18:00:00Z
2025,11,401772883,NYG,GB,TRUE,2025-11-16T18:00:00Z
2025,11,401772884,LAR,Sea,TRUE,2025-11-16T21:05:00Z
2025,11,401772884,Sea,LAR,FALSE,2025-11-16T21:05:00Z
2025,11,401772885,Ari,SF,TRUE,2025-11-16T21:05:00Z
2025,11,401772885,SF,Ari,FALSE,2025-11-16T21:05:00Z
2025,11,401772777,Cle,Bal,TRUE,2025-11-16T21:25:00Z
2025,11,401772777,Bal,Cle,FALSE,2025-11-16T21:25:00Z
2025,11,401772778,Den,KC,TRUE,2025-11-16T21:25:00Z
2025,11,401772778,KC,Den,FALSE,2025-11-16T21:25:00Z
2025,11,401772928,Det,Phi,FALSE,2025-11-17T01:20:00Z
2025,11,401772928,Phi,Det,TRUE,2025-11-17T01:20:00Z
2025,11,401772819,Dal,LV,FALSE,2025-11-18T01:15:00Z
2025,11,401772819,LV,Dal,TRUE,2025-11-18T01:15:00Z
2025,12,401772946,Buf,Hou,FALSE,2025-11-21T01:15:00Z
2025,12,401772946,Hou,Buf,TRUE,2025-11-21T01:15:00Z
2025,12,401772779,Ind,KC,FALSE,2025-11-23T18:00:00Z
2025,12,401772779,KC,Ind,TRUE,2025-11-23T18:00:00Z
2025,12,401772780,Chi,Pit,TRUE,2025-11-23T18:00:00Z
2025,12,401772780,Pit,Chi,FALSE,2025-11-23T18:00:00Z
2025,12,401772781,Cin,NE,TRUE,2025-11-23T18:00:00Z
2025,12,401772781,NE,Cin,FALSE,2025-11-23T18:00:00Z
2025,12,401772782,NYJ,Bal,FALSE,2025-11-23T18:00:00Z
2025,12,401772782,Bal,NYJ,TRUE,2025-11-23T18:00:00Z
2025,12,401772886,Ten,Sea,TRUE,2025-11-23T18:00:00Z
2025,12,401772886,Sea,Ten,FALSE,2025-11-23T18:00:00Z
2025,12,401772887,GB,Min,TRUE,2025-11-23T18:00:00Z
2025,12,401772887,Min,GB,FALSE,2025-11-23T18:00:00Z
2025,12,401772888,Det,NYG,TRUE,2025-11-23T18:00:00Z
2025,12,401772888,NYG,Det,FALSE,2025-11-23T18:00:00Z
2025,12,401772783,Ari,Jax,TRUE,2025-11-23T21:05:00Z
2025,12,401772783,Jax,Ari,FALSE,2025-11-23T21:05:00Z
2025,12,401772784,Cle,LV,FALSE,2025-11-23T21:05:00Z
2025,12,401772784,LV,Cle,TRUE,2025-11-23T21:05:00Z
2025,12,401772889,Atl,NO,FALSE,2025-11-23T21:25:00Z
2025,12,401772889,NO,Atl,TRUE,2025-11-23T21:25:00Z
2025,12,401772890,Dal,Phi,TRUE,2025-11-23T21:25:00Z
2025,12,401772890,Phi,Dal,FALSE,2025-11-23T21:25:00Z
2025,12,401772929,LAR,TB,TRUE,2025-11-24T01:20:00Z
2025,12,401772929,TB,LAR,FALSE,2025-11-24T01:20:00Z
2025,12,401772820,SF,Car,TRUE,2025-11-25T01:15:00Z
2025,12,401772820,Car,SF,FALSE,2025-11-25T01:15:00Z
2025,13,401772891,Det,GB,TRUE,2025-11-27T18:00:00Z
2025,13,401772891,GB,Det,FALSE,2025-11-27T18:00:00Z
2025,13,401772694,Dal,KC,TRUE,2025-11-27T21:30:00Z
2025,13,401772694,KC,Dal,FALSE,2025-11-27T21:30:00Z
2025,13,401772930,Cin,Bal,FALSE,2025-11-28T01:20:00Z
2025,13,401772930,Bal,Cin,TRUE,2025-11-28T01:20:00Z
2025,13,401772621,Chi,Phi,FALSE,2025-11-28T20:00:00Z
2025,13,401772621,Phi,Chi,TRUE,2025-11-28T20:00:00Z
2025,13,401772785,Cle,SF,TRUE,2025-11-30T18:00:00Z
2025,13,401772785,SF,Cle,FALSE,2025-11-30T18:00:00Z
2025,13,401772786,Ten,Jax,TRUE,2025-11-30T18:00:00Z
2025,13,401772786,Jax,Ten,FALSE,2025-11-30T18:00:00Z
2025,13,401772787,Ind,Hou,TRUE,2025-11-30T18:00:00Z
2025,13,401772787,Hou,Ind,FALSE,2025-11-30T18:00:00Z
2025,13,401772892,Mia,NO,TRUE,2025-11-30T18:00:00Z
2025,13,401772892,NO,Mia,FALSE,2025-11-30T18:00:00Z
2025,13,401772893,Atl,NYJ,FALSE,2025-11-30T18:00:00Z
2025,13,401772893,NYJ,Atl,TRUE,2025-11-30T18:00:00Z
2025,13,401772894,LAR,Car,FALSE,2025-11-30T18:00:00Z
2025,13,401772894,Car,LAR,TRUE,2025-11-30T18:00:00Z
2025,13,401772895,Ari,TB,FALSE,2025-11-30T18:00:00Z
2025,13,401772895,TB,Ari,TRUE,2025-11-30T18:00:00Z
2025,13,401772896,Min,Sea,FALSE,2025-11-30T21:05:00Z
2025,13,401772896,Sea,Min,TRUE,2025-11-30T21:05:00Z
2025,13,401772788,LV,LAC,FALSE,2025-11-30T21:25:00Z
2025,13,401772788,LAC,LV,TRUE,2025-11-30T21:25:00Z
2025,13,401772789,Buf,Pit,FALSE,2025-11-30T21:25:00Z
2025,13,401772789,Pit,Buf,TRUE,2025-11-30T21:25:00Z
2025,13,401772931,Den,Wsh,FALSE,2025-12-01T01:20:00Z
2025,13,401772931,Wsh,Den,TRUE,2025-12-01T01:20:00Z
2025,13,401772821,NE,NYG,TRUE,2025-12-02T01:15:00Z
2025,13,401772821,NYG,NE,FALSE,2025-12-02T01:15:00Z
2025,14,401772947,Dal,Det,FALSE,2025-12-05T01:15:00Z
2025,14,401772947,Det,Dal,TRUE,2025-12-05T01:15:00Z
2025,14,401772790,Mia,NYJ,FALSE,2025-12-07T18:00:00Z
2025,14,401772790,NYJ,Mia,TRUE,2025-12-07T18:00:00Z
2025,14,401772791,Pit,Bal,FALSE,2025-12-07T18:00:00Z
2025,14,401772791,Bal,Pit,TRUE,2025-12-07T18:00:00Z
2025,14,401772792,NO,TB,FALSE,2025-12-07T18:00:00Z
2025,14,401772792,TB,NO,TRUE,2025-12-07T18:00:00Z
2025,14,401772793,Ind,Jax,FALSE,2025-12-07T18:00:00Z
2025,14,401772793,Jax,Ind,TRUE,2025-12-07T18:00:00Z
2025,14,401772897,Chi,GB,FALSE,2025-12-07T18:00:00Z
2025,14,401772897,GB,Chi,TRUE,2025-12-07T18:00:00Z
2025,14,401772898,Cle,Ten,TRUE,2025-12-07T18:00:00Z
2025,14,401772898,Ten,Cle,FALSE,2025-12-07T18:00:00Z
2025,14,401772899,Min,Wsh,TRUE,2025-12-07T18:00:00Z
2025,14,401772899,Wsh,Min,FALSE,2025-12-07T18:00:00Z
2025,14,401772900,Atl,Sea,TRUE,2025-12-07T18:00:00Z
2025,14,401772900,Sea,Atl,FALSE,2025-12-07T18:00:00Z
2025,14,401772794,Den,LV,FALSE,2025-12-07T21:05:00Z
2025,14,401772794,LV,Den,TRUE,2025-12-07T21:05:00Z
2025,14,401772901,LAR,Ari,FALSE,2025-12-07T21:25:00Z
2025,14,401772901,Ari,LAR,TRUE,2025-12-07T21:25:00Z
2025,14,401772902,Buf,Cin,TRUE,2025-12-07T21:25:00Z
2025,14,401772902,Cin,Buf,FALSE,2025-12-07T21:25:00Z
2025,14,401772932,KC,Hou,TRUE,2025-12-08T01:20:00Z
2025,14,401772932,Hou,KC,FALSE,2025-12-08T01:20:00Z
2025,14,401772822,Phi,LAC,FALSE,2025-12-09T01:15:00Z
2025,14,401772822,LAC,Phi,TRUE,2025-12-09T01:15:00Z
2025,15,401772948,Atl,TB,FALSE,2025-12-12T01:15:00Z
2025,15,401772948,TB,Atl,TRUE,2025-12-12T01:15:00Z
2025,15,401772795,Buf,NE,FALSE,2025-12-14T18:00:00Z
2025,15,401772795,NE,Buf,TRUE,2025-12-14T18:00:00Z
2025,15,401772796,Cin,Bal,TRUE,2025-12-14T18:00:00Z
2025,15,401772796,Bal,Cin,FALSE,2025-12-14T18:00:00Z
2025,15,401772797,NYJ,Jax,FALSE,2025-12-14T18:00:00Z
2025,15,401772797,Jax,NYJ,TRUE,2025-12-14T18:00:00Z
2025,15,401772798,KC,LAC,TRUE,2025-12-14T18:00:00Z
2025,15,401772798,LAC,KC,FALSE,2025-12-14T18:00:00Z
2025,15,401772903,Ari,Hou,FALSE,2025-12-14T18:00:00Z
2025,15,401772903,Hou,Ari,TRUE,2025-12-14T18:00:00Z
2025,15,401772904,Chi,Cle,TRUE,2025-12-14T18:00:00Z
2025,15,401772904,Cle,Chi,FALSE,2025-12-14T18:00:00Z
2025,15,401772905,NYG,Wsh,TRUE,2025-12-14T18:00:00Z
2025,15,401772905,Wsh,NYG,FALSE,2025-12-14T18:00:00Z
2025,15,401772906,LV,Phi,FALSE,2025-12-14T18:00:00Z
2025,15,401772906,Phi,LV,TRUE,2025-12-14T18:00:00Z
2025,15,401772799,Ind,Sea,FALSE,2025-12-14T21:25:00Z
2025,15,401772799,Sea,Ind,TRUE,2025-12-14T21:25:00Z
2025,15,401772800,Den,GB,TRUE,2025-12-14T21:25:00Z
2025,15,401772800,GB,Den,FALSE,2025-12-14T21:25:00Z
2025,15,401772907,Ten,SF,FALSE,2025-12-14T21:25:00Z
2025,15,401772907,SF,Ten,TRUE,2025-12-14T21:25:00Z
2025,15,401772908,NO,Car,TRUE,2025-12-14T21:25:00Z
2025,15,401772908,Car,NO,FALSE,2025-12-14T21:25:00Z
2025,15,401772909,Det,LAR,FALSE,2025-12-14T21:25:00Z
2025,15,401772909,LAR,Det,TRUE,2025-12-14T21:25:00Z
2025,15,401772933,Dal,Min,TRUE,2025-12-15T01:20:00Z
2025,15,401772933,Min,Dal,FALSE,2025-12-15T01:20:00Z
2025,15,401772823,Mia,Pit,FALSE,2025-12-16T01:15:00Z
2025,15,401772823,Pit,Mia,TRUE,2025-12-16T01:15:00Z
2025,16,401772949,LAR,Sea,FALSE,2025-12-19T01:15:00Z
2025,16,401772949,Sea,LAR,TRUE,2025-12-19T01:15:00Z
2025,16,401772612,Phi,Wsh,FALSE,2025-12-20T08:01:00Z
2025,16,401772612,Wsh,Phi,TRUE,2025-12-20T08:01:00Z
2025,16,401772613,Chi,GB,TRUE,2025-12-20T08:01:00Z
2025,16,401772613,GB,Chi,FALSE,2025-12-20T08:01:00Z
2025,16,401772801,NO,NYJ,TRUE,2025-12-21T18:00:00Z
2025,16,401772801,NYJ,NO,FALSE,2025-12-21T18:00:00Z
2025,16,401772802,Buf,Cle,FALSE,2025-12-21T18:00:00Z
2025,16,401772802,Cle,Buf,TRUE,2025-12-21T18:00:00Z
2025,16,401772803,Ten,KC,TRUE,2025-12-21T18:00:00Z
2025,16,401772803,KC,Ten,FALSE,2025-12-21T18:00:00Z
2025,16,401772804,NE,Bal,FALSE,2025-12-21T18:00:00Z
2025,16,401772804,Bal,NE,TRUE,2025-12-21T18:00:00Z
2025,16,401772910,Dal,LAC,TRUE,2025-12-21T18:00:00Z
2025,16,401772910,LAC,Dal,FALSE,2025-12-21T18:00:00Z
2025,16,401772911,Min,NYG,FALSE,2025-12-21T18:00:00Z
2025,16,401772911,NYG,Min,TRUE,2025-12-21T18:00:00Z
2025,16,401772912,TB,Car,FALSE,2025-12-21T18:00:00Z
2025,16,401772912,Car,TB,TRUE,2025-12-21T18:00:00Z
2025,16,401772913,Den,Jax,TRUE,2025-12-21T21:05:00Z
2025,16,401772913,Jax,Den,FALSE,2025-12-21T21:05:00Z
2025,16,401772914,Atl,Ari,FALSE,2025-12-21T21:05:00Z
2025,16,401772914,Ari,Atl,TRUE,2025-12-21T21:05:00Z
2025,16,401772805,LV,Hou,FALSE,2025-12-21T21:25:00Z
2025,16,401772805,Hou,LV,TRUE,2025-12-21T21:25:00Z
2025,16,401772806,Det,Pit,TRUE,2025-12-21T21:25:00Z
2025,16,401772806,Pit,Det,FALSE,2025-12-21T21:25:00Z
2025,16,401772934,Cin,Mia,FALSE,2025-12-22T01:20:00Z
2025,16,401772934,Mia,Cin,TRUE,2025-12-22T01:20:00Z
2025,16,401772824,Ind,SF,TRUE,2025-12-23T01:15:00Z
2025,16,401772824,SF,Ind,FALSE,2025-12-23T01:15:00Z
2025,17,401772710,Dal,Wsh,FALSE,2025-12-25T18:00:00Z
2025,17,401772710,Wsh,Dal,TRUE,2025-12-25T18:00:00Z
2025,17,401772711,Det,Min,FALSE,2025-12-25T21:30:00Z
2025,17,401772711,Min,Det,TRUE,2025-12-25T21:30:00Z
2025,17,401772622,Den,KC,FALSE,2025-12-26T01:15:00Z
2025,17,401772622,KC,Den,TRUE,2025-12-26T01:15:00Z
2025,17,401772950,LV,NYG,TRUE,2025-12-27T08:01:00Z
2025,17,401772950,NYG,LV,FALSE,2025-12-27T08:01:00Z
2025,17,401772951,LAC,Hou,TRUE,2025-12-27T08:01:00Z
2025,17,401772951,Hou,LAC,FALSE,2025-12-27T08:01:00Z
2025,17,401772952,Sea,Car,FALSE,2025-12-27T08:01:00Z
2025,17,401772952,Car,Sea,TRUE,2025-12-27T08:01:00Z
2025,17,401772953,GB,Bal,TRUE,2025-12-27T08:01:00Z
2025,17,401772953,Bal,GB,FALSE,2025-12-27T08:01:00Z
2025,17,401772954,Cin,Ari,TRUE,2025-12-27T08:01:00Z
2025,17,401772954,Ari,Cin,FALSE,2025-12-27T08:01:00Z
2025,17,401772807,Cle,Pit,TRUE,2025-12-28T18:00:00Z
2025,17,401772807,Pit,Cle,FALSE,2025-12-28T18:00:00Z
2025,17,401772808,NE,NYJ,FALSE,2025-12-28T18:00:00Z
2025,17,401772808,NYJ,NE,TRUE,2025-12-28T18:00:00Z
2025,17,401772809,Ten,NO,TRUE,2025-12-28T18:00:00Z
2025,17,401772809,NO,Ten,FALSE,2025-12-28T18:00:00Z
2025,17,401772915,Ind,Jax,TRUE,2025-12-28T18:00:00Z
2025,17,401772915,Jax,Ind,FALSE,2025-12-28T18:00:00Z
2025,17,401772916,Mia,TB,TRUE,2025-12-28T18:00:00Z
2025,17,401772916,TB,Mia,FALSE,2025-12-28T18:00:00Z
2025,17,401772917,Buf,Phi,TRUE,2025-12-28T21:25:00Z
2025,17,401772917,Phi,Buf,FALSE,2025-12-28T21:25:00Z
2025,17,401772935,Chi,SF,FALSE,2025-12-29T01:20:00Z
2025,17,401772935,SF,Chi,TRUE,2025-12-29T01:20:00Z
2025,17,401772825,Atl,LAR,TRUE,2025-12-30T01:15:00Z
2025,17,401772825,LAR,Atl,FALSE,2025-12-30T01:15:00Z
2025,18,401772955,LAR,Ari,TRUE,2026-01-04T08:01:00Z
2025,18,401772955,Ari,LAR,FALSE,2026-01-04T08:01:00Z
2025,18,401772956,Den,LAC,TRUE,2026-01-04T08:01:00Z
2025,18,401772956,LAC,Den,FALSE,2026-01-04T08:01:00Z
2025,18,401772957,KC,LV,FALSE,2026-01-04T08:01:00Z
2025,18,401772957,LV,KC,TRUE,2026-01-04T08:01:00Z
2025,18,401772958,Mia,NE,FALSE,2026-01-04T08:01:00Z
2025,18,401772958,NE,Mia,TRUE,2026-01-04T08:01:00Z
2025,18,401772959,Phi,Wsh,TRUE,2026-01-04T08:01:00Z
2025,18,401772959,Wsh,Phi,FALSE,2026-01-04T08:01:00Z
2025,18,401772960,Pit,Bal,TRUE,2026-01-04T08:01:00Z
2025,18,401772960,Bal,Pit,FALSE,2026-01-04T08:01:00Z
2025,18,401772961,SF,Sea,TRUE,2026-01-04T08:01:00Z
2025,18,401772961,Sea,SF,FALSE,2026-01-04T08:01:00Z
2025,18,401772962,Ind,Hou,FALSE,2026-01-04T08:01:00Z
2025,18,401772962,Hou,Ind,TRUE,2026-01-04T08:01:00Z
2025,18,401772963,Dal,NYG,FALSE,2026-01-04T08:01:00Z
2025,18,401772963,NYG,Dal,TRUE,2026-01-04T08:01:00Z
2025,18,401772964,Cin,Cle,TRUE,2026-01-04T08:01:00Z
2025,18,401772964,Cle,Cin,FALSE,2026-01-04T08:01:00Z
2025,18,401772965,Chi,Det,TRUE,2026-01-04T08:01:00Z
2025,18,401772965,Det,Chi,FALSE,2026-01-04T08:01:00Z
2025,18,401772966,Atl,NO,TRUE,2026-01-04T08:01:00Z
2025,18,401772966,NO,Atl,FALSE,2026-01-04T08:01:00Z
2025,18,401772967,Buf,NYJ,TRUE,2026-01-04T08:01:00Z
2025,18,401772967,NYJ,Buf,FALSE,2026-01-04T08:01:00Z
2025,18,401772968,GB,Min,FALSE,2026-01-04T08:01:00Z
2025,18,401772968,Min,GB,TRUE,2026-01-04T08:01:00Z
2025,18,401772969,TB,Car,TRUE,2026-01-04T08:01:00Z
2025,18,401772969,Car,TB,FALSE,2026-01-04T08:01:00Z
2025,18,401772970,Ten,Jax,FALSE,2026-01-04T08:01:00Z
2025,18,401772970,Jax,Ten,TRUE,2026-01-04T08:01:00Z
